Symbol,0,1,2,3,4,5
MAR,0.002467094,0.790593094,1.19E-36,2.67E-08,0.206939786,0
AXP,0.138078195,0.733447419,2.15E-20,0.001624346,0.12685004,0
GL,0.007975078,0.891991013,6.05E-31,8.93E-06,0.100024977,0
HUM,0.001181786,0.794767492,1.22E-39,1.89E-09,0.20405072,0
A,0.121827143,0.866331156,1.59E-11,0.00287782,0.008963882,0
MAA,0.10534999,0.874133065,3.40E-13,0.006999089,0.013517856,0
BSX,0.892811122,0.058282666,5.24E-13,0.017831422,0.031074789,0
AJG,0.05605066,0.911885007,6.72E-18,0.003704293,0.02836004,0
FTV,5.64E-06,5.91E-05,0.999935222,1.55E-15,1.05E-09,0
TMO,0.607339049,0.366374222,1.46E-10,0.008543063,0.017743665,0
NVR,0.02232333,0.920191462,2.02E-23,0.000261149,0.057224059,0
EXPD,0.055029952,0.913556366,7.07E-18,0.003523362,0.027890319,0
VRSK,0.113516227,0.860111402,8.92E-14,0.009600932,0.016771439,0
NRG,0.07670718,0.898773664,9.18E-16,0.002895953,0.021623203,0
WMB,0.098732992,0.864141872,1.18E-16,0.002864104,0.034261032,0
CTRA,0.135198325,0.66562198,3.78E-22,0.000902822,0.198276873,0
FICO,0.031753721,0.908599372,3.05E-22,0.000425343,0.059221564,0
WST,1.98E-05,0.000144104,0.999836089,3.00E-14,3.62E-09,0
LH,0.07004727,0.890739663,6.20E-18,0.006036438,0.033176629,0
MOH,0.011881918,0.912761266,7.41E-27,4.25E-05,0.075314337,0
INVH,0.08783514,0.896548209,2.82E-13,0.003734346,0.011882304,0
UNH,0.880813313,4.59E-09,3.51E-32,4.12E-05,0.119145492,0
HPQ,0.339204553,0.350868205,1.82E-21,0.002170813,0.30775643,0
PNR,0.080187802,0.901952593,3.60E-14,0.003601541,0.014258064,0
FTNT,0.961355326,3.49E-10,1.21E-18,0.037841299,0.000803375,0
PPL,0.005861993,0.741045558,5.32E-34,2.54E-07,0.253092195,0
BDX,1.49E-20,9.51E-18,5.76E-10,4.10E-48,4.11E-26,0.999999999
AAL,0.844848856,1.13E-22,5.90E-23,0.155150392,7.53E-07,0
CTLT,0.179612568,0.72605244,1.91E-18,0.003157373,0.091177618,0
ACN,0.33205618,0.520132691,1.68E-18,0.004905812,0.142905317,0
ES,0.095521789,0.873478882,4.86E-16,0.003013708,0.027985621,0
LW,0.028646782,0.562460558,3.43E-30,6.55E-06,0.408886108,0
TJX,0.149009935,0.813837598,2.13E-15,0.004102091,0.033050377,0
SO,0.064443625,0.853495932,4.64E-21,0.000836195,0.081224249,0
KMI,0.095387839,0.037383576,2.62E-31,6.28E-06,0.86722231,0
MRNA,1.52E-21,7.24E-22,1.68E-09,7.18E-48,1.46E-29,0.999999998
SEE,0.448230521,0.50004672,1.17E-13,0.009807809,0.041914949,0
LRCX,0.4093251,0.237255682,1.00E-21,0.002270836,0.351148382,0
PGR,0.164317032,0.011137513,1.86E-30,1.57E-05,0.824529719,0
SCHW,0.972747878,1.29E-06,8.06E-20,0.013837892,0.013412936,0
VLO,0.287339329,0.558289018,4.91E-19,0.00390185,0.150469803,0
MSCI,0.075931621,0.903987376,6.63E-15,0.003281039,0.016799964,0
ATO,0.056143804,0.905702468,1.00E-18,0.003913949,0.034239779,0
IVZ,0.358675875,0.547905599,1.60E-16,0.007242528,0.086175997,0
HST,0.456483822,0.31685303,1.53E-19,0.004860029,0.22180312,0
DGX,0.044279998,0.92154424,4.50E-19,0.002228551,0.03194721,0
MMM,0.2650697,0.599570967,9.70E-19,0.003933905,0.131425429,0
SYF,0.025685185,0.713177299,1.12E-28,1.56E-05,0.261121942,0
FI,0.019431028,0.891558284,1.72E-25,8.31E-05,0.088927571,0
SNA,0.101835176,0.878681595,3.57E-13,0.00640429,0.013078939,0
T,0.001821654,2.15E-45,5.25E-20,0.998178346,1.95E-16,0
XYL,0.048381857,0.921331522,3.53E-18,0.001981562,0.028305059,0
CINF,0.028326065,0.927468859,1.01E-21,0.000731673,0.043473403,0
NTRS,0.375313518,0.542208817,6.37E-16,0.007985657,0.074492008,0
BRO,0.180973429,0.813992449,3.10E-07,0.001514413,0.003519399,0
CAH,0.00948338,0.913531701,5.70E-28,2.46E-05,0.076960287,0
CSX,0.966491307,0.003166281,3.18E-12,0.020035026,0.010307385,0
WBA,0.971448927,6.90E-06,3.48E-11,0.027492975,0.001051195,0
QCOM,0.943383641,5.16E-05,1.43E-20,0.008388064,0.048176683,0
MCHP,0.648374216,0.165538938,2.14E-18,0.008421869,0.177664977,0
WAB,0.006304133,0.906335869,3.77E-30,6.11E-06,0.087353893,0
AVB,0.125798413,0.857402082,1.03E-11,0.006535663,0.010263843,0
CMA,0.283642301,0.249949208,8.52E-24,0.000774448,0.465634042,0
PCAR,0.016692426,0.889750077,3.07E-26,5.41E-05,0.093503356,0
TPR,0.523800758,0.099747068,5.15E-22,0.002456299,0.373995875,0
CHTR,0.402043313,0.56917815,1.02E-11,0.007314071,0.021464466,0
WY,0.010592718,0.913607713,2.16E-27,3.27E-05,0.075766862,0
KO,0.9659857,5.95E-08,2.84E-25,0.002029826,0.031984414,0
ALLE,0.076190895,0.90402402,8.00E-15,0.003323812,0.016461274,0
BBY,0.141997917,0.853981154,8.68E-08,0.000904248,0.003116594,0
CDAY,0.069706967,0.801218746,1.57E-22,0.000520153,0.128554134,0
PTC,0.030190278,0.926490219,1.82E-21,0.000901592,0.042417911,0
ANSS,0.017610516,0.895172821,8.78E-26,7.05E-05,0.087146188,0
ETSY,0.992389294,0.000965322,4.48E-07,0.005606937,0.001037999,0
CME,0.045095427,0.923544375,1.38E-18,0.001971942,0.029388256,0
GM,0.618949715,0.000113596,7.22E-28,0.000226846,0.380709844,0
FITB,0.477894622,0.409573757,1.32E-16,0.009015935,0.103515686,0
HUBB,0.032905738,0.913584763,1.03E-21,0.000535127,0.052974372,0
ODFL,0.156966175,0.825002386,1.90E-12,0.003793427,0.014238012,0
TFX,0.127997198,0.861961086,3.62E-10,0.003506375,0.006535341,0
PNW,0.033598772,0.921538675,2.36E-21,0.001222855,0.043639698,0
LEN,0.050929434,0.788452067,2.12E-24,0.00020216,0.16041634,0
EPAM,0.116165283,0.858623341,1.31E-14,0.003596061,0.021615314,0
IEX,0.041830744,0.919703921,7.55E-20,0.002055477,0.036409858,0
ETR,0.039079634,0.925821959,1.41E-19,0.001489462,0.033608944,0
LULU,0.329056953,0.631600858,2.24E-13,0.007423836,0.031918353,0
MTB,0.029704821,0.869615628,1.96E-24,0.000155969,0.100523582,0
PEG,0.031274906,0.922875638,2.40E-21,0.000655318,0.045194137,0
CRM,0.937692813,0.009781812,1.11E-14,0.019703407,0.032821968,0
NXPI,0.277358049,0.642429751,1.33E-16,0.005868224,0.074343975,0
CLX,0.036679239,0.906721914,1.54E-21,0.000575463,0.056023383,0
PSA,0.026803684,0.92337872,3.15E-22,0.000460477,0.049357119,0
CB,0.094626284,0.876329977,8.32E-16,0.003065245,0.025978494,0
TECH,0.036245432,0.903621312,8.30E-22,0.00051625,0.059617006,0
TSCO,0.017351465,0.920824991,1.09E-24,0.000147127,0.061676417,0
PM,0.176196039,0.736678546,3.38E-18,0.003271696,0.083853719,0
DIS,0.95104204,4.29E-08,1.26E-12,0.048585633,0.000372284,0
AZO,0.010287115,0.910988241,1.33E-27,2.75E-05,0.078697136,0
MTD,0.089934694,0.89499042,4.38E-13,0.003626886,0.011448,0
NWS,0.135146514,0.860111556,3.05E-08,0.001185792,0.003556108,0
AVY,0.020569431,0.922356612,3.70E-24,0.000318183,0.056755774,0
CPT,0.116038488,0.86911278,1.08E-11,0.005323344,0.009525387,0
JNJ,0.345146158,7.95E-24,3.97E-17,0.654853826,1.63E-08,0
BIIB,0.114661101,0.873837478,5.13E-11,0.003824833,0.007676588,0
HII,0.020443299,0.925597438,1.20E-23,0.000279128,0.053680134,0
WRK,0.056909361,0.795865073,1.07E-23,0.000291487,0.146934078,0
NWSA,0.156387265,0.838694598,2.96E-08,0.001129329,0.003788778,0
HON,0.157667275,0.809418094,9.37E-15,0.004348868,0.028565763,0
NEM,0.987150084,0.002086983,2.86E-08,0.008627993,0.002134912,0
AMD,1.61E-13,6.42E-120,1.55E-25,1,1.06E-46,0
AES,0.965666026,0.00151732,5.05E-13,0.021956789,0.010859865,0
EXC,0.00770206,0.784045814,3.50E-32,1.03E-06,0.208251095,0
CI,0.090020496,0.821934853,2.89E-20,0.001284337,0.086760314,0
FLT,0.04026672,0.92435937,1.84E-19,0.001370217,0.034003693,0
PFG,0.001821272,0.866586307,1.77E-36,3.59E-08,0.131592385,0
ORCL,0.968968353,1.20E-15,7.31E-23,0.030940902,9.07E-05,0
XEL,0.08358696,0.88692644,2.95E-16,0.002784006,0.026702594,0
BAC,6.74E-06,2.55E-64,1.64E-21,0.999993262,5.68E-24,0
HSY,0.015310748,0.922469933,2.28E-25,0.000124397,0.062094922,0
DFS,0.935225267,0.010691381,9.23E-15,0.019527341,0.034556012,0
NDAQ,0.063232463,0.910661718,1.21E-16,0.002563788,0.02354203,0
COST,0.416097461,0.503705621,1.46E-15,0.008930406,0.071266512,0
BXP,0.266420599,0.690372568,2.63E-14,0.006456177,0.036750656,0
PFE,5.39E-25,2.86E-40,1.23E-10,1.68E-47,2.46E-39,1
IFF,0.366423512,0.007898353,2.97E-27,0.000179845,0.62549829,0
AWK,0.046177015,0.92270381,1.76E-18,0.002209889,0.028909286,0
CZR,0.844801744,0.107271018,1.26E-12,0.016350392,0.031576846,0
KIM,0.162211591,0.811483969,8.54E-14,0.00436713,0.021937311,0
RL,0.028176152,0.925708763,8.81E-22,0.00058302,0.045532066,0
V,0.926599154,5.80E-10,2.06E-13,0.073268711,0.000132135,0
HCA,0.046634218,0.907343253,6.22E-20,0.001059079,0.04496345,0
MCD,0.114746909,0.715456924,5.04E-22,0.000848648,0.168947519,0
CFG,0.806433104,0.068537819,4.13E-17,0.012903744,0.112125333,0
KR,0.003079504,0.795429617,1.18E-35,6.22E-08,0.201490816,0
AME,0.053108336,0.905530231,2.41E-19,0.003498721,0.037862713,0
XRAY,0.071548701,0.907747559,3.36E-15,0.003323407,0.017380333,0
GRMN,0.006314453,0.897737135,2.12E-31,4.91E-06,0.0959435,0
DHI,0.015062521,0.488245671,2.33E-33,5.77E-07,0.496691231,0
IP,0.000461858,0.767170691,4.64E-44,2.76E-11,0.232367451,0
MHK,0.094526945,0.879273415,2.17E-15,0.003163033,0.023036607,0
APH,0.078118542,0.903443586,2.19E-14,0.003594203,0.01484367,0
CF,0.182874382,0.751712297,5.43E-17,0.004092686,0.061320635,0
ROST,0.060766167,0.911981645,5.87E-17,0.002416671,0.024835517,0
SHW,0.043275494,0.920108784,2.55E-19,0.001331621,0.035284101,0
PRU,0.01135712,0.913874826,4.85E-27,3.94E-05,0.074728604,0
CCI,0.262672605,0.687052042,6.18E-15,0.006350683,0.043924671,0
DVA,0.926932838,0.041787511,2.94E-11,0.01535634,0.015923311,0
LYV,0.02853594,0.891715224,1.07E-23,0.000217664,0.079531173,0
CDW,0.023895736,0.924934913,4.48E-23,0.000491143,0.050678209,0
HWM,0.065341887,0.911693807,7.22E-16,0.003681783,0.019282522,0
HIG,0.032483663,0.927015686,7.05E-21,0.001044035,0.039456617,0
LMT,0.184266864,0.789922378,2.33E-13,0.004663972,0.021146785,0
ALB,0.514196693,0.13975853,1.86E-21,0.002952961,0.343091816,0
TDG,0.140341762,0.849473784,7.86E-10,0.003776981,0.006407472,0
PWR,0.046440175,0.907277767,5.73E-20,0.00104626,0.045235798,0
STZ,0.016266815,0.9219768,5.50E-25,0.00013403,0.061622355,0
INTC,0.000467828,9.88E-54,1.90E-23,0.999532172,8.81E-19,0
BK,0.119079593,0.800551681,4.67E-19,0.002090515,0.078278211,0
FANG,0.019261658,0.900191332,3.68E-25,1.00E-04,0.080447053,0
TGT,0.06962862,0.626942403,6.44E-26,0.000117825,0.303311152,0
CPRT,0.195642106,0.793152184,2.91E-10,0.002804026,0.008401684,0
KEY,0.950578471,2.19E-10,1.04E-17,0.048924169,0.00049736,0
SLB,0.010446764,0.00116114,1.66E-42,3.38E-10,0.988392095,0
AFL,0.004458631,0.886696621,4.43E-32,1.21E-06,0.10884354,0
JBHT,0.112250426,0.873089382,1.56E-12,0.003229476,0.011430716,0
VICI,0.075548408,0.893989794,1.04E-16,0.002535095,0.027926704,0
ROL,0.299166378,0.632311474,8.73E-16,0.006738374,0.061783774,0
URI,0.071421205,0.793730837,1.27E-22,0.000509724,0.134338234,0
PLD,0.20449165,0.732756186,1.66E-16,0.004709668,0.058042497,0
BAX,0.209867563,0.213243934,1.16E-25,0.000266578,0.576621924,0
BALL,0.062697526,0.735257676,1.29E-24,0.000205737,0.20183906,0
BX,0.90266003,0.000705969,2.87E-20,0.007736278,0.088897723,0
ED,0.028201409,0.924567549,7.50E-22,0.000550066,0.046680975,0
ETN,0.082061076,0.57684704,7.03E-26,0.000132372,0.340959513,0
SPG,0.052961276,0.919127683,1.61E-17,0.002322363,0.025588678,0
CBRE,0.009736768,0.852605555,1.05E-29,5.94E-06,0.137651735,0
VZ,0.449907232,1.56E-20,4.96E-14,0.550092712,5.60E-08,0
ADP,0.04957249,0.809447492,5.53E-24,0.000239474,0.140740544,0
FSLR,0.905522209,0.058917087,1.25E-11,0.015764627,0.019796077,0
PEAK,0.12748717,0.846525598,1.88E-14,0.003794154,0.022193077,0
EXR,0.112052644,0.857011627,1.54E-15,0.00340666,0.02752907,0
BBWI,0.23507515,0.254569946,1.08E-24,0.000456455,0.509898449,0
ICE,0.039241011,0.923094236,8.73E-20,0.001180054,0.0364847,0
TSLA,1.46E-82,0,1.10E-85,1,1.81E-245,0
ELV,0.096209177,0.829270104,2.00E-19,0.0016748,0.072845919,0
CRL,0.135613269,0.853131824,4.18E-11,0.002754454,0.008500453,0
ROK,0.008429884,0.78686725,9.02E-32,1.41E-06,0.204701457,0
MO,0.14548264,0.294988432,1.97E-26,0.000142374,0.559386553,0
MSI,0.086671462,0.88961345,1.14E-14,0.006402548,0.01731254,0
META,1.35E-07,3.44E-80,3.67E-25,0.999999865,1.76E-29,0
EW,0.36501557,0.47704654,1.56E-18,0.005234136,0.152703754,0
GOOGL,7.92E-31,5.03E-242,9.72E-37,1,9.61E-97,0
IQV,0.062988656,0.911557065,1.51E-16,0.002634579,0.0228197,0
KVUE,0.000511113,1.08E-51,4.41E-22,0.999488887,2.10E-18,0
MA,0.996153719,0.001054624,2.21E-05,0.002237721,0.000531815,0
MMC,0.017576288,0.923281979,1.55E-24,0.000171625,0.058970108,0
VMC,0.099419543,0.887974553,4.70E-12,0.003426743,0.009179161,0
CHRW,0.080044186,0.898981291,1.39E-14,0.005036808,0.015937715,0
XOM,0.108903097,1.02E-27,4.20E-15,0.891096902,1.71E-10,0
EMR,0.003338795,0.854684556,4.30E-34,2.30E-07,0.141976419,0
NI,0.022875102,0.68330067,1.43E-29,8.63E-06,0.293815603,0
MPC,0.118552053,0.827357323,1.48E-17,0.002805046,0.051285578,0
FIS,0.24608219,0.70451109,4.74E-15,0.006013463,0.043393257,0
ORLY,0.087749276,0.896478698,2.26E-13,0.003584577,0.01218745,0
EQT,0.244362349,0.418979587,1.30E-22,0.001134226,0.335523839,0
EG,0.091004591,0.891249188,2.15E-13,0.00503862,0.012707601,0
TROW,0.102726069,0.871377259,4.35E-15,0.003335491,0.022561181,0
FE,0.078909738,0.899582207,4.12E-15,0.003123896,0.018384158,0
MAS,0.02818517,0.901262101,2.75E-23,0.000263136,0.070289592,0
TMUS,0.570017636,0.390668001,4.27E-12,0.010651781,0.028662581,0
WYNN,0.208890022,0.782644481,2.89E-09,0.002117103,0.006348392,0
CVX,0.958165287,8.94E-08,2.28E-11,0.041545625,0.000288998,0
EXPE,0.855291901,0.045694258,2.10E-16,0.015098227,0.083915614,0
LIN,0.241686749,0.732054495,1.12E-12,0.005401334,0.020857423,0
NDSN,0.030906226,0.90803435,2.74E-23,0.000853388,0.060206037,0
RF,0.633585946,0.00218129,6.67E-25,0.000922298,0.363310466,0
ZBRA,0.753837005,0.069075515,1.32E-18,0.009102612,0.167984868,0
CE,0.008992596,0.853866243,5.38E-30,4.84E-06,0.137136318,0
SWK,0.173110253,0.812789016,2.60E-11,0.003339079,0.010761651,0
WBD,0.621175447,1.18E-18,1.40E-15,0.378824035,5.18E-07,0
AIZ,0.080060595,0.887016683,1.82E-16,0.007186575,0.025736148,0
MLM,0.088553563,0.895965944,2.98E-13,0.003616095,0.011864398,0
ANET,0.973540485,0.000153467,1.08E-11,0.022964517,0.003341531,0
PH,0.097488792,0.880729724,1.55E-14,0.003326557,0.018454926,0
OKE,0.0602628,0.822930372,1.28E-22,0.000464023,0.116342805,0
CDNS,0.027647865,0.828824228,4.82E-26,6.87E-05,0.143459256,0
DLR,0.087160146,0.810071066,5.93E-21,0.001024262,0.101744526,0
F,1.11E-06,1.36E-70,2.61E-22,0.999998888,2.18E-26,0
TDY,0.022565272,0.926680863,4.18E-23,0.000393308,0.050360557,0
KHC,0.02914038,0.611129964,1.42E-29,9.68E-06,0.359719976,0
DOV,0.019983121,0.922701908,2.92E-24,0.000292875,0.057022095,0
JCI,0.264463495,0.723925498,1.05E-09,0.003035481,0.008575525,0
MCK,0.07441322,0.906103917,9.59E-15,0.003704279,0.015778584,0
SJM,0.020990139,0.926111471,1.65E-23,0.000312846,0.052585545,0
LNT,0.07636125,0.901531453,5.35E-15,0.004930534,0.017176763,0
FRT,0.072122086,0.901156566,5.14E-16,0.005333331,0.021388017,0
EA,0.088690539,0.893057523,4.67E-14,0.003328389,0.014923549,0
NCLH,0.942005146,1.84E-09,1.66E-15,0.057577241,0.000417612,0
AEE,0.168354197,0.804595041,0.02650638,1.14E-05,0.000532997,0
TYL,0.014432403,0.911288106,5.35E-26,6.62E-05,0.074213331,0
WHR,0.19950488,0.551230375,6.59E-22,0.001279749,0.247984996,0
GILD,0.191253565,0.607068042,3.48E-21,0.001590162,0.200088231,0
LHX,0.076619615,0.874006304,1.44E-18,0.001806779,0.047567302,0
FCX,0.895525946,0.000720254,1.53E-20,0.00705713,0.09669667,0
MOS,0.055755755,0.258260462,1.65E-30,7.61E-06,0.685976174,0
CMI,0.040067688,0.924084263,1.58E-19,0.001324487,0.034523561,0
REGN,0.006472294,0.877267227,1.04E-30,3.00E-06,0.116257481,0
AMT,0.309520851,0.495862366,9.35E-20,0.00343473,0.191182053,0
LUV,0.720860449,0.141234053,4.00E-17,0.011683345,0.126222153,0
SBUX,0.121351652,0.518519147,6.86E-25,0.000270754,0.359858447,0
NOW,0.545817438,0.365647254,2.16E-15,0.011305993,0.077229315,0
MRO,0.954580719,0.001858963,5.30E-15,0.021035932,0.022524386,0
MDLZ,0.250778042,0.441544063,3.70E-22,0.00136986,0.306308036,0
D,0.023954878,0.456646459,6.52E-32,1.95E-06,0.519396709,0
J,0.143041697,0.844093162,2.19E-10,0.005137373,0.007727768,0
APTV,0.114885337,0.844536901,1.55E-16,0.00316704,0.037410722,0
TRV,0.048845981,0.921661125,4.84E-18,0.002374865,0.027118029,0
BG,0.002179076,0.869502413,1.26E-35,7.30E-08,0.128318438,0
RMD,0.942626544,0.00532365,3.54E-15,0.019659978,0.032389829,0
CMG,0.100650514,0.870214046,1.26E-15,0.00320026,0.02593518,0
DXCM,0.966672362,1.81E-05,3.66E-17,0.021418496,0.011891007,0
TRMB,0.079546541,0.894716643,7.46E-16,0.002877571,0.022859244,0
CNC,0.19105161,0.766969143,3.84E-15,0.004945729,0.037033519,0
COO,0.067307021,0.903532365,1.06E-16,0.005019405,0.02414121,0
EL,0.123277984,0.632707668,3.13E-23,0.000561633,0.243452715,0
SYY,0.041027539,0.924998385,3.00E-19,0.001557719,0.032416356,0
ENPH,0.971735875,6.74E-08,1.53E-18,0.024582181,0.003681876,0
TTWO,0.011938817,0.892130737,1.31E-27,2.38E-05,0.095906624,0
DRI,2.73E-06,1.31E-05,0.9999842,2.67E-16,5.35E-10,0
JKHY,0.051523695,0.918509626,6.43E-18,0.002914406,0.027052272,0
MU,0.967648714,1.09E-06,4.61E-11,0.031787815,0.000562383,0
ADSK,9.57E-21,7.48E-18,4.95E-10,2.87E-48,1.96E-26,1
ISRG,0.595002896,0.337846854,4.03E-14,0.012659522,0.054490728,0
ADI,0.135494866,0.703171573,2.53E-21,0.001202607,0.160130955,0
AEP,0.051625428,0.899862733,8.62E-20,0.001129819,0.04738202,0
DVN,0.954095843,0.002489593,1.02E-14,0.021083576,0.022330988,0
GEN,0.042903874,0.694080478,6.18E-27,5.33E-05,0.262962358,0
CNP,0.03608306,0.907441603,1.37E-21,0.000563437,0.055911899,0
K,0.018557111,0.920387138,2.30E-24,0.000169339,0.060886412,0
AMCR,0.261051921,0.703230075,1.25E-13,0.006220197,0.029497808,0
VRSN,0.008915014,0.913487315,1.93E-28,2.16E-05,0.077576055,0
GWW,0.066411153,0.911211568,1.04E-15,0.003647918,0.018729361,0
BA,0.750394405,0.050904453,2.50E-19,0.007615197,0.191085945,0
BRK.B,0.536029732,4.79E-19,1.05E-12,0.463970163,1.05E-07,0
ABNB,0.111555233,0.000768271,1.88E-34,9.07E-07,0.88767559,0
DE,0.094154034,0.709307987,3.31E-23,0.000478495,0.196059484,0
COF,0.104635444,0.74753125,8.99E-22,0.000874028,0.146959278,0
PXD,0.159759191,0.725794539,1.60E-19,0.002273129,0.112173141,0
UDR,0.089083334,0.895571167,3.36E-13,0.003603653,0.011741846,0
PPG,0.054878571,0.917220794,2.13E-17,0.002293647,0.025606988,0
GPN,0.059670299,0.79179382,1.42E-23,0.000314701,0.148221181,0
SEDG,1.82E-06,7.95E-19,0.999998175,4.98E-13,2.06E-15,0
AIG,0.115266554,0.874760767,5.61E-11,0.002627478,0.007345201,0
LKQ,0.080495944,0.901006428,3.82E-14,0.004292948,0.01420468,0
VRTX,0.123932194,0.868400857,6.35E-10,0.002056282,0.005610666,0
KMB,0.017932895,0.922966926,9.89E-25,0.000211957,0.058888223,0
PKG,0.011145788,0.912041725,3.47E-27,3.52E-05,0.076777337,0
PHM,0.033730593,0.435064487,7.90E-31,4.74E-06,0.531200179,0
HAL,0.169215788,0.058447264,1.34E-28,4.78E-05,0.772289158,0
APA,0.02081253,0.106969249,1.29E-35,1.26E-07,0.872218095,0
FOXA,0.145310437,0.840290882,8.06E-12,0.003284339,0.011114343,0
L,0.045807629,0.887647955,2.12E-22,0.002005222,0.064539194,0
RHI,0.085031174,0.898585161,1.41E-13,0.003759552,0.012624113,0
TFC,0.935978922,1.16E-05,1.30E-22,0.004409372,0.059600128,0
ESS,0.156947438,0.827669583,1.63E-10,0.006688976,0.008694003,0
SNPS,0.07774928,0.888832928,5.42E-17,0.002449836,0.030967956,0
JPM,0.92182902,2.92E-10,1.62E-13,0.078059802,0.000111178,0
NOC,0.070771627,0.829716272,1.72E-21,0.000762047,0.098750054,0
ZION,0.879344228,0.000402784,1.08E-21,0.00484979,0.115403197,0
PAYX,0.040960569,0.925167594,2.98E-19,0.001607755,0.032264083,0
UHS,0.010793512,0.910301106,2.14E-27,3.05E-05,0.07887493,0
DG,0.936851459,0.028773263,8.06E-12,0.017021293,0.017353985,0
DHR,0.396956603,0.352049609,3.13E-20,0.003610474,0.247383314,0
IDXX,0.034850403,0.848024799,1.85E-24,0.000163887,0.11696091,0
MNST,0.108812547,0.442001268,3.32E-26,0.0001334,0.449052785,0
CTVA,0.102548623,0.861450775,2.05E-16,0.003006579,0.032994023,0
BEN,0.109042627,0.868261891,2.26E-14,0.003488012,0.01920747,0
OXY,0.704362202,0.008538352,1.70E-22,0.002675733,0.284423714,0
LYB,0.008770212,0.89752156,9.07E-29,1.19E-05,0.093696375,0
ZBH,0.032353867,0.912136844,6.55E-22,0.000491886,0.055017404,0
GS,0.065569829,0.798435888,6.27E-23,0.000431028,0.135563255,0
CCL,0.240005619,1.01E-23,8.40E-13,0.759994379,2.04E-09,0
MKTX,0.282285705,0.649540376,6.37E-16,0.00636791,0.061806008,0
ZTS,0.062181427,0.831000085,3.54E-22,0.000557263,0.106261225,0
CSGP,0.109600606,0.822688096,1.17E-18,0.002168334,0.065542964,0
DPZ,0.100072161,0.880780138,6.31E-14,0.003370129,0.015777572,0
CARR,0.616947469,0.287274468,1.55E-15,0.012397381,0.083380683,0
IR,0.008628373,0.856340636,4.24E-30,4.50E-06,0.135026488,0
AAPL,1.32E-105,0,1.13E-100,1,0.00E+00,0
CAT,0.346393951,0.39116012,1.05E-20,0.002827912,0.259618016,0
CPB,0.018754998,0.913955055,1.25E-24,0.000137979,0.067151968,0
OTIS,0.016469513,0.923016317,4.50E-25,0.000161684,0.060352486,0
JNPR,0.029208671,0.785695641,7.59E-27,4.62E-05,0.185049537,0
DLTR,0.339850214,0.595651596,3.28E-15,0.007728644,0.056769546,0
MSFT,7.91E-60,0,7.30E-61,1,2.73E-179,0
NUE,0.128389926,0.828352674,1.91E-16,0.00342752,0.03982988,0
DTE,0.041406666,0.924984095,3.41E-19,0.00171475,0.031894488,0
IT,0.123413518,0.861773183,2.06E-11,0.0055671,0.009246199,0
GE,0.264009381,0.151390452,2.69E-25,0.000371484,0.584228683,0
BR,0.031392261,0.921968495,9.02E-22,0.001027794,0.04561145,0
WRB,0.052544955,0.918399655,1.05E-17,0.002957468,0.026097922,0
CMS,0.069906121,0.908888533,2.22E-15,0.003278236,0.01792711,0
FFIV,0.12404825,0.864006501,9.07E-11,0.004291555,0.007653694,0
IPG,0.825725935,0.140975617,4.11E-11,0.013049344,0.020249103,0
BMY,0.247974109,0.000967969,4.50E-31,1.54E-05,0.751042526,0
NFLX,0.985504593,2.11E-09,1.92E-22,0.009424577,0.005070828,0
LDOS,0.105821835,0.874744019,5.53E-13,0.006641867,0.012792279,0
RSG,0.026608538,0.922749305,1.01E-22,0.000661523,0.049980634,0
WDC,0.67643899,0.074038279,4.35E-20,0.005661749,0.243860981,0
HBAN,0.014429799,0.00019563,5.47E-43,2.88E-10,0.98537457,0
IRM,0.029460402,0.926841042,1.94E-21,0.000701179,0.042997377,0
TSN,0.019293468,0.909253932,9.98E-25,0.000128154,0.071324446,0
ULTA,0.050379028,0.920998292,8.44E-18,0.002438252,0.026184428,0
O,0.100471594,0.818329934,1.29E-19,0.001637654,0.079560817,0
WAT,0.074095828,0.900317778,4.72E-16,0.00278123,0.022805163,0
YUM,0.158963704,0.8324679,6.36E-09,0.003171165,0.005397225,0
ARE,0.113877216,0.86504009,6.00E-14,0.003543911,0.017538783,0
PSX,0.10917328,0.854781316,3.16E-16,0.003175681,0.032869723,0
RVTY,0.296596534,0.53389742,2.56E-19,0.00372861,0.165777437,0
ROP,0.027642077,0.912475292,1.51E-23,0.000660378,0.059222253,0
STT,0.195782944,0.704417163,2.06E-18,0.003380576,0.096419317,0
PCG,0.966032043,1.06E-05,1.05E-13,0.03092212,0.003035215,0
QRVO,0.082703118,0.887054481,2.15E-16,0.002727351,0.02751505,0
ALGN,0.969430076,2.60E-07,2.64E-23,0.00444748,0.026122183,0
GOOG,6.76E-27,2.92E-214,8.82E-34,1,1.77E-85,0
FMC,0.187783031,0.101503907,1.86E-27,9.72E-05,0.710615824,0
PAYC,0.754898514,0.085809936,5.28E-18,0.010364031,0.148927519,0
TER,0.137539748,0.828291043,2.61E-15,0.003905858,0.030263352,0
ABBV,0.730087226,0.017169594,2.72E-21,0.004191775,0.248551404,0
ALK,0.021933959,0.764509294,2.01E-28,1.68E-05,0.213539915,0
ON,0.936180183,9.92E-10,4.27E-15,0.063523094,0.000296721,0
C,0.692489347,2.39E-06,2.29E-30,7.10E-05,0.307437266,0
USB,0.970039315,9.48E-07,1.01E-17,0.02392423,0.006035507,0
GEHC,0.113788382,0.870769582,1.05E-12,0.003295102,0.012146934,0
HPE,0.009526316,0.002117935,2.72E-42,3.78E-10,0.988355749,0
HOLX,0.024394968,0.926349695,8.95E-23,0.000511328,0.048744009,0
MTCH,0.047796738,0.194551312,1.16E-31,3.30E-06,0.757648653,0
NEE,0.99186083,2.80E-11,8.10E-25,0.004897441,0.003241729,0
BIO,0.026923608,0.869962929,7.19E-25,0.000122547,0.102990915,0
BLK,0.106538504,0.880696991,4.29E-12,0.003088996,0.009675509,0
UAL,0.473587153,0.073158031,2.92E-23,0.001403019,0.451851797,0
AMAT,0.935072489,0.001907445,2.74E-17,0.015645251,0.047374815,0
SYK,0.058078245,0.708841074,1.95E-25,0.000134342,0.232946339,0
COP,0.781172996,0.057463807,2.45E-18,0.00996973,0.151393467,0
GLW,0.058120107,0.914200492,3.59E-17,0.002338984,0.025340416,0
TAP,0.043194539,0.921598169,3.54E-19,0.001420603,0.033786689,0
EOG,0.265645678,0.674684634,1.43E-15,0.006228493,0.053441196,0
DOW,0.016875913,0.85127336,1.76E-27,2.64E-05,0.131824311,0
EQIX,0.039284368,0.890316776,4.03E-22,0.000464513,0.069934342,0
GIS,0.083110297,0.895478063,6.14E-15,0.003162788,0.018248851,0
LVS,0.223062689,0.422211712,4.45E-23,0.000886306,0.353839293,0
OMC,0.013033881,0.83940125,7.26E-29,1.08E-05,0.147554116,0
FDS,0.054405853,0.903242718,2.27E-19,0.003673742,0.038677687,0
PANW,0.973765865,0.000262444,1.15E-11,0.022058105,0.003913585,0
ADM,0.020024348,0.894348223,3.07E-25,9.56E-05,0.085531804,0
AKAM,0.127876841,0.865665711,4.04E-09,0.001861123,0.004596321,0
FAST,0.018632038,0.891399994,1.10E-25,7.45E-05,0.089893514,0
MDT,0.354373439,0.53036612,2.26E-17,0.006373348,0.108887093,0
HSIC,0.021240822,0.916444123,1.33E-24,0.000326594,0.061988461,0
RJF,0.058985433,0.914489194,6.12E-17,0.002484285,0.024041088,0
MKC,3.64E-05,0.000309964,0.999653606,1.05E-13,9.43E-09,0
NTAP,0.019544766,0.921284974,1.58E-24,0.000271882,0.058898378,0
AVGO,0.946352292,1.71E-08,1.21E-13,0.053236193,0.000411498,0
COR,0.009782185,0.91351227,3.28E-28,2.95E-05,0.076676033,0
EMN,0.062627455,0.906650373,2.35E-17,0.002188374,0.028533798,0
SPGI,0.141316393,0.794891191,1.17E-17,0.003093958,0.060698458,0
WFC,0.979252566,8.70E-08,7.49E-22,0.008676968,0.012070379,0
IBM,0.124294627,0.758615666,2.34E-20,0.001531834,0.115557873,0
MRK,0.624701629,0.000664886,3.82E-26,0.000523492,0.374109993,0
MCO,0.005856828,0.884501082,6.21E-31,2.64E-06,0.109639449,0
INCY,0.005353952,0.896777323,5.02E-31,2.78E-06,0.097865941,0
EVRG,0.096036481,0.890244192,2.09E-12,0.003778652,0.009940675,0
AON,0.098681742,0.888028744,3.63E-12,0.003807677,0.009481838,0
TXN,2.76E-21,3.96E-19,5.83E-10,2.75E-48,7.33E-28,0.999999999
POOL,0.003397332,0.812389636,6.28E-35,1.13E-07,0.184212919,0
CBOE,0.022735465,0.907420955,4.62E-25,0.00034337,0.06950021,0
AMP,0.007384036,0.90890737,2.63E-29,1.05E-05,0.0836981,0
CMCSA,0.942057261,1.47E-12,5.54E-19,0.057764962,0.000177777,0
ABT,0.55144836,0.111417956,2.28E-21,0.003210991,0.333922693,0
KMX,0.39233026,0.510955432,1.93E-16,0.007852963,0.088861344,0
MGM,0.743972201,0.212542728,3.99E-12,0.01371982,0.029765252,0
STE,0.126310845,0.851993008,1.54E-12,0.008682568,0.013013579,0
WTW,0.033871089,0.860028139,3.52E-24,0.000184162,0.105916609,0
LOW,0.045484966,0.761627226,1.70E-25,0.000114258,0.19277355,0
EQR,0.168199894,0.824125146,1.86E-08,0.002775918,0.004899023,0
CVS,0.875001595,0.012548087,4.08E-18,0.011809768,0.100640551,0
AOS,0.046417422,0.921657774,1.54E-18,0.001761996,0.030162809,0
PEP,0.85878214,0.025872773,1.47E-17,0.012763469,0.102581619,0
VTRS,0.187581375,0.280986577,1.81E-25,0.000272178,0.53115987,0
AXON,0.044136004,0.4151538,5.32E-30,9.24E-06,0.54070096,0
ADBE,0.965989154,0.000178694,2.77E-14,0.025048712,0.008783441,0
SBAC,0.145964681,0.787286359,9.80E-18,0.003121896,0.063627065,0
WELL,0.076975066,0.887236645,2.68E-17,0.002321645,0.033466645,0
LLY,0.999119208,3.11E-19,1.05E-36,1.43E-05,0.000866523,0
GD,0.021533319,0.904005019,1.84E-24,0.000145478,0.074316184,0
TEL,0.031231034,0.927488103,4.66E-21,0.000900836,0.040380027,0
CEG,0.003785209,0.761176999,2.04E-35,7.72E-08,0.235037715,0
UNP,0.449941216,0.52420011,4.32E-11,0.007209432,0.018649242,0
BKR,0.138280205,0.665234522,5.00E-22,0.000957052,0.195528221,0
ACGL,0.051649729,0.915564463,2.88E-18,0.00177772,0.031008089,0
RTX,0.968980555,4.28E-06,1.63E-17,0.022247398,0.008767767,0
TRGP,0.043919965,0.923913586,8.44E-19,0.001958413,0.030208036,0
PNC,0.059774759,0.827395701,1.63E-22,0.000481076,0.112348464,0
FOX,0.101980015,0.885748272,8.47E-12,0.003550311,0.008721402,0
MPWR,0.114375974,0.157475106,9.26E-29,3.38E-05,0.728115121,0
AMZN,8.61E-48,0,4.69E-47,1,7.72E-145,0
APD,0.096733319,0.889781189,1.81E-12,0.003377873,0.010107619,0
DAL,0.840931949,0.127343768,5.97E-11,0.012902319,0.018821963,0
VTR,0.049219596,0.874804014,1.19E-21,0.000601947,0.075374442,0
KLAC,0.274568138,0.525807077,3.69E-20,0.002811931,0.196812855,0
FDX,0.126612725,0.859497332,4.97E-12,0.003162753,0.01072719,0
BKNG,0.239742502,0.686309321,1.09E-16,0.005194987,0.06875319,0
CTAS,0.044300996,0.922530283,6.31E-19,0.002163935,0.031004786,0
EFX,0.071849766,0.880341636,1.19E-18,0.001721398,0.046087201,0
WEC,0.028778563,0.927230843,1.44E-21,0.000685503,0.043305091,0
STX,0.121761008,0.1554315,1.54E-28,4.00E-05,0.722767509,0
CL,0.014369909,0.882431362,3.68E-27,3.12E-05,0.103167577,0
NSC,0.076241607,0.901963418,2.85E-15,0.003087422,0.018707553,0
NVDA,7.06E-35,2.64E-265,5.11E-34,1,1.72E-108,0
ITW,0.031564707,0.92412249,3.42E-21,0.000709503,0.043603301,0
HD,0.809750963,0.034010844,1.28E-18,0.009703389,0.146534803,0
PARA,0.959196445,4.79E-08,3.02E-16,0.039329492,0.001474015,0
CTSH,0.030857595,0.894232756,3.45E-23,0.000278997,0.074630651,0
CAG,0.023581451,0.90465271,5.41E-24,0.000185093,0.071580746,0
TT,0.059163824,0.903988816,2.85E-18,0.001762439,0.035084922,0
HAS,0.495328038,0.425568459,4.03E-15,0.010587316,0.068516186,0
KDP,0.687576017,0.30782297,8.23E-06,0.001270175,0.003322608,0
SRE,0.019955989,0.9079558,1.25E-24,0.000134215,0.071953996,0
HRL,0.115590557,0.847582372,3.90E-16,0.003312035,0.033515036,0
EIX,0.028738058,0.921349477,5.80E-22,0.000500893,0.049411572,0
CHD,0.008892196,0.912798892,1.35E-28,2.15E-05,0.078287435,0
PG,0.955540157,0.00022708,2.07E-17,0.017332621,0.026900142,0
BF.B,0.011833003,0.880008276,4.53E-28,1.76E-05,0.108141135,0
UPS,0.360242503,0.579507215,8.57E-15,0.008224764,0.052025518,0
VFC,0.968672143,1.47E-07,5.03E-24,0.003395109,0.0279326,0
DD,0.083052112,0.8990298,6.91E-14,0.004366597,0.013551491,0
CSCO,0.932757652,7.17E-10,7.86E-15,0.066999417,0.00024293,0
DUK,0.013419631,0.806901469,1.61E-29,7.19E-06,0.179671705,0
SWKS,0.003124651,0.757795716,3.04E-36,3.83E-08,0.239079595,0
TXT,0.019883197,0.868253607,2.92E-26,5.48E-05,0.111808405,0
STLD,0.284912023,0.711808156,3.15E-06,0.000592644,0.002684022,0
GNRC,0.967113687,6.96E-07,7.63E-17,0.028822761,0.004062856,0
MET,0.02692118,0.835840138,5.80E-26,7.08E-05,0.137167907,0
REG,0.061985117,0.907126172,2.58E-17,0.004447787,0.026440924,0
ALL,0.059108962,0.729764132,5.54E-25,0.000168103,0.210958803,0
AMGN,0.044767725,0.318104926,8.39E-31,5.59E-06,0.637121755,0
WM,0.01189738,0.89904418,2.29E-27,2.82E-05,0.089030273,0
EBAY,0.671288988,0.322339765,1.46E-06,0.001950871,0.004418919,0
KEYS,0.161383838,0.798313858,1.76E-15,0.00431589,0.035986414,0
RCL,0.000149328,0.00025862,0.999592031,2.77E-12,2.11E-08,0
NKE,0.957848764,0.000558913,8.22E-16,0.020900574,0.020691749,0
WMT,0.965615373,9.76E-07,1.99E-22,0.0057504,0.028633251,0
HLT,0.048160141,0.917817802,1.17E-18,0.001610422,0.032411635,0
INTU,0.34927861,0.549202554,6.51E-17,0.006747794,0.094771042,0
PYPL,0.892437824,1.13E-11,8.14E-13,0.107531681,3.05E-05,0
ECL,0.121275213,0.861525557,5.97E-12,0.006535939,0.01066329,0
MS,0.721455897,0.006125029,1.48E-22,0.002690504,0.26972857,0
ILMN,0.126264547,0.794503148,7.96E-19,0.002288871,0.076943435,0
PODD,1.57E-09,1.74E-09,0.999999997,2.23E-24,3.79E-15,0
GPC,0.142746979,0.818272268,1.02E-15,0.00391286,0.035067894,0
BWA,0.079214218,0.87126613,1.79E-18,0.001875025,0.047644628,0
HES,0.478111559,0.513018601,8.08E-08,0.002553823,0.006315936,0